10 1.380 4 0.12 5350 15.2 5 1 1.0
1 A 47.3988363 8.54748717 20.0 5 325.8 0.2184
2 B 47.39900386 8.5483712 20.0 5 320.5 0.1321
3 C 47.40104043 8.54751713 20.0 5 334.9 0.3998
4 D 47.39947419 8.54636765 20.0 5 212.0 0.236
5 E 47.39958133 8.54962492 20.0 5 209.6 0.2117
6 F 47.40036787 8.54617767 20.0 5 316.7 0.2347
7 G 47.40015275 8.54861648 20.0 5 272.1 0.3936
8 H 47.39814334 8.54951635 20.0 5 218.4 0.3075
9 I 47.39965367 8.54811463 20.0 5 345.2 0.2579
10 J 47.39833689 8.54688987 20.0 5 280.6 0.2623