15 1.380 4 0.12 5350 15.2 5 1 1.0
1 A 47.39926539 8.54772746 20.0 5 370.9 0.3703
2 B 47.39898792 8.54773373 20.0 5 291.4 0.1452
3 C 47.39985246 8.54976895 20.0 5 341.4 0.3396
4 D 47.40025726 8.54979875 20.0 5 374.4 0.2288
5 E 47.40106654 8.54822714 20.0 5 376.2 0.2999
6 F 47.40160882 8.54975402 20.0 5 332.4 0.3379
7 G 47.3991602 8.54776874 20.0 5 368.8 0.3237
8 H 47.39999359 8.54720761 20.0 5 461.7 0.2865
9 I 47.39933875 8.54652559 20.0 5 321.5 0.3357
10 J 47.39866009 8.54761496 20.0 5 278.4 0.1225
11 K 47.39811822 8.54974756 20.0 5 375.7 0.3995
12 L 47.40101202 8.54731187 20.0 5 524.9 0.2249
13 M 47.4014447 8.54586398 20.0 5 400.7 0.2278
14 N 47.4016881 8.54874689 20.0 5 337.5 0.2089
15 O 47.3999111 8.54706542 20.0 5 366.4 0.3621