20 1.380 4 0.12 5350 15.2 5 1 1.0
1 A 47.39963955 8.54875186 20.0 5 415.6 0.2868
2 B 47.39852629 8.54835452 20.0 5 689.8 0.302
3 C 47.39855224 8.54623656 20.0 5 751.6 0.224
4 D 47.39873145 8.5480378 20.0 5 423.3 0.3247
5 E 47.39796131 8.54880804 20.0 5 634.8 0.2545
6 F 47.40056602 8.54964839 20.0 5 473.2 0.3562
7 G 47.398164 8.54935947 20.0 5 433.1 0.2364
8 H 47.39904607 8.54915437 20.0 5 570.6 0.2777
9 I 47.40119192 8.54889533 20.0 5 690.9 0.1833
10 J 47.40167378 8.54863152 20.0 5 646.1 0.1605
11 K 47.39792784 8.54824482 20.0 5 603.7 0.2921
12 L 47.39915188 8.54642642 20.0 5 784.5 0.179
13 M 47.40114186 8.54961118 20.0 5 490.7 0.1031
14 N 47.39957174 8.5484739 20.0 5 637.7 0.3247
15 O 47.39848292 8.54853239 20.0 5 560.5 0.3714
16 P 47.39785757 8.54717875 20.0 5 670.8 0.1297
17 Q 47.39832136 8.54734333 20.0 5 528.3 0.1071
18 R 47.39997696 8.54746154 20.0 5 673.2 0.2755
19 S 47.39967629 8.54890476 20.0 5 430.6 0.1237
20 T 47.3986797 8.54876833 20.0 5 519.2 0.3051