20 1.380 4 0.12 5350 15.2 5 1 1.0
1 A 47.39903131 8.54763764 20.0 5 500.7 0.3015
2 B 47.40085715 8.54616654 20.0 5 567.2 0.2625
3 C 47.39931999 8.54577165 20.0 5 699.6 0.3525
4 D 47.3999498 8.54825994 20.0 5 738.6 0.2908
5 E 47.40114008 8.54760624 20.0 5 399.6 0.2453
6 F 47.40141059 8.54878816 20.0 5 549.8 0.2655
7 G 47.4005488 8.54683161 20.0 5 683.6 0.1262
8 H 47.39891728 8.54981981 20.0 5 551.3 0.2073
9 I 47.39823531 8.54984579 20.0 5 722.7 0.3871
10 J 47.40149206 8.54588427 20.0 5 523.2 0.3268
11 K 47.39828064 8.54791605 20.0 5 631.6 0.2943
12 L 47.40175074 8.54685797 20.0 5 456.5 0.2234
13 M 47.40125066 8.54872105 20.0 5 512.8 0.3074
14 N 47.39952963 8.54679465 20.0 5 648.6 0.1412
15 O 47.3980153 8.54963445 20.0 5 573.7 0.1282
16 P 47.40139071 8.54863593 20.0 5 439.0 0.3313
17 Q 47.39836375 8.54689584 20.0 5 411.0 0.2973
18 R 47.3985792 8.54706514 20.0 5 472.5 0.3141
19 S 47.39957858 8.54979617 20.0 5 409.3 0.3035
20 T 47.39795804 8.5479927 20.0 5 714.4 0.1795