20 1.380 4 0.12 5350 15.2 5 1 1.0
1 A 47.40104995 8.5464447 20.0 5 686.3 0.396
2 B 47.39917365 8.54845596 20.0 5 527.7 0.2269
3 C 47.39875585 8.54741968 20.0 5 783.7 0.2327
4 D 47.39911615 8.54705307 20.0 5 667.3 0.2207
5 E 47.40183804 8.54875607 20.0 5 452.4 0.381
6 F 47.39849133 8.54601254 20.0 5 663.4 0.2698
7 G 47.40097319 8.54567373 20.0 5 513.6 0.2511
8 H 47.40097148 8.54591307 20.0 5 433.2 0.3176
9 I 47.40173526 8.54770761 20.0 5 415.3 0.2322
10 J 47.39802414 8.54696144 20.0 5 753.4 0.2914
11 K 47.40189004 8.54862922 20.0 5 658.5 0.1135
12 L 47.40160883 8.54769861 20.0 5 729.6 0.2994
13 M 47.40103682 8.54885176 20.0 5 620.0 0.3358
14 N 47.3997423 8.54753262 20.0 5 454.4 0.1177
15 O 47.40001257 8.5460765 20.0 5 739.3 0.1398
16 P 47.39872879 8.54781472 20.0 5 504.9 0.1888
17 Q 47.39810338 8.54633975 20.0 5 671.5 0.3624
18 R 47.39843621 8.54930392 20.0 5 427.2 0.2454
19 S 47.39976985 8.54561313 20.0 5 622.2 0.3285
20 T 47.40163411 8.54664437 20.0 5 726.9 0.3422