15 1.380 4 0.12 5350 15.2 5 1 1.0
1 A 47.4006115 8.54958279 20.0 5 336.8 0.1798
2 B 47.39887679 8.54786837 20.0 5 529.5 0.2761
3 C 47.3996755 8.54882534 20.0 5 349.9 0.3617
4 D 47.40189623 8.54619628 20.0 5 487.6 0.217
5 E 47.40058745 8.54806942 20.0 5 363.0 0.2165
6 F 47.39870843 8.54784972 20.0 5 378.0 0.1962
7 G 47.39778353 8.54739576 20.0 5 385.6 0.2647
8 H 47.39906268 8.54561206 20.0 5 369.6 0.3685
9 I 47.40125361 8.54609038 20.0 5 470.2 0.3907
10 J 47.40024824 8.54702315 20.0 5 386.6 0.1064
11 K 47.40194245 8.54910214 20.0 5 394.3 0.2516
12 L 47.40186908 8.54905328 20.0 5 472.6 0.3528
13 M 47.39935172 8.54965319 20.0 5 417.2 0.3413
14 N 47.39959125 8.54610933 20.0 5 433.3 0.2043
15 O 47.39858848 8.54741585 20.0 5 345.4 0.1167