10 1.380 4 0.12 5350 15.2 5 1 1.0
1 A 47.40101696 8.54561014 20.0 5 206.1 0.3285
2 B 47.3992834 8.54910539 20.0 5 293.0 0.3352
3 C 47.40103792 8.54733615 20.0 5 218.7 0.1888
4 D 47.3996016 8.54667096 20.0 5 238.8 0.3574
5 E 47.4017277 8.54949384 20.0 5 269.0 0.3659
6 F 47.39810694 8.54690907 20.0 5 256.1 0.2746
7 G 47.40012805 8.5473873 20.0 5 286.2 0.2506
8 H 47.40005681 8.54662646 20.0 5 199.1 0.3612
9 I 47.39851685 8.54915253 20.0 5 191.9 0.3335
10 J 47.40103255 8.54941929 20.0 5 305.1 0.1628