10 1.380 4 0.12 5350 15.2 5 1 1.0
1 A 47.39865228 8.54619094 20.0 5 287.7 0.1536
2 B 47.40195887 8.54687183 20.0 5 261.4 0.2105
3 C 47.39996666 8.54855794 20.0 5 182.0 0.1541
4 D 47.40162177 8.54827606 20.0 5 200.2 0.3733
5 E 47.40189138 8.54574235 20.0 5 301.9 0.2669
6 F 47.40010858 8.54791926 20.0 5 188.1 0.2873
7 G 47.39890103 8.54842662 20.0 5 272.2 0.2709
8 H 47.40111045 8.54590433 20.0 5 289.2 0.2229
9 I 47.40134726 8.54945051 20.0 5 333.4 0.3743
10 J 47.39857039 8.54909199 20.0 5 226.2 0.1101