15 1.380 4 0.12 5350 15.2 5 1 1.0
1 A 47.40190755 8.548893 20.0 5 292.8 0.2842
2 B 47.39808215 8.54851004 20.0 5 417.8 0.2966
3 C 47.40183599 8.54887198 20.0 5 342.8 0.269
4 D 47.3983734 8.54974544 20.0 5 387.6 0.2023
5 E 47.39865638 8.54743056 20.0 5 449.7 0.3972
6 F 47.39802434 8.54775657 20.0 5 505.5 0.3832
7 G 47.4017826 8.5483932 20.0 5 499.1 0.152
8 H 47.40202715 8.54952856 20.0 5 411.0 0.2258
9 I 47.39897971 8.54850101 20.0 5 440.7 0.2737
10 J 47.39962998 8.54729516 20.0 5 281.1 0.1779
11 K 47.398712 8.54965089 20.0 5 509.7 0.3553
12 L 47.39834769 8.54793203 20.0 5 420.7 0.2433
13 M 47.401499 8.54650498 20.0 5 309.4 0.2535
14 N 47.40203923 8.54677369 20.0 5 341.0 0.3555
15 O 47.40000877 8.54738203 20.0 5 442.3 0.3485