10 1.380 4 0.12 5350 15.2 5 1 1.0
1 A 47.39821146 8.54673243 20.0 5 263.5 0.1185
2 B 47.39818337 8.54723722 20.0 5 297.6 0.1515
3 C 47.39826487 8.54643059 20.0 5 224.2 0.1332
4 D 47.39845777 8.54895108 20.0 5 323.8 0.1606
5 E 47.40183821 8.5476404 20.0 5 324.9 0.1484
6 F 47.40202178 8.54599266 20.0 5 242.2 0.1316
7 G 47.39913515 8.54896674 20.0 5 189.5 0.1744
8 H 47.39895822 8.54609117 20.0 5 271.9 0.1725
9 I 47.39967247 8.54838165 20.0 5 312.1 0.1012
10 J 47.40073019 8.54713513 20.0 5 297.8 0.1259