10 1.380 4 0.12 5350 15.2 5 1 1.0
1 A 47.40053664 8.54721279 20.0 5 315.1 0.1061
2 B 47.39968272 8.54929408 20.0 5 182.8 0.1362
3 C 47.40185999 8.54726297 20.0 5 259.6 0.1547
4 D 47.40019098 8.54584948 20.0 5 233.0 0.102
5 E 47.40029879 8.54566829 20.0 5 308.5 0.1133
6 F 47.40180591 8.54870688 20.0 5 345.3 0.1204
7 G 47.40175884 8.54854028 20.0 5 303.0 0.1278
8 H 47.40085858 8.54943293 20.0 5 180.3 0.1348
9 I 47.40006682 8.54747174 20.0 5 321.6 0.1371
10 J 47.3978651 8.54792219 20.0 5 191.5 0.1243