20 1.380 4 0.12 5350 15.2 5 1 1.0
1 A 47.40115603 8.54777524 20.0 5 501.8 0.1256
2 B 47.40037609 8.54651673 20.0 5 636.9 0.1109
3 C 47.39989785 8.54733427 20.0 5 468.5 0.1738
4 D 47.40029678 8.54572337 20.0 5 533.6 0.1764
5 E 47.39964362 8.54792709 20.0 5 621.7 0.1902
6 F 47.40055753 8.54569993 20.0 5 673.7 0.1066
7 G 47.40132337 8.54636153 20.0 5 414.3 0.163
8 H 47.40196771 8.5477396 20.0 5 641.1 0.1352
9 I 47.39874085 8.54586707 20.0 5 655.1 0.1
10 J 47.40002966 8.54585458 20.0 5 430.6 0.1447
11 K 47.39803711 8.54795705 20.0 5 776.3 0.178
12 L 47.39780784 8.54793231 20.0 5 611.9 0.1659
13 M 47.39998549 8.54980696 20.0 5 528.1 0.1334
14 N 47.40147336 8.547405 20.0 5 677.8 0.1835
15 O 47.39933483 8.5478732 20.0 5 572.5 0.1167
16 P 47.39922817 8.54654509 20.0 5 536.8 0.1925
17 Q 47.40042724 8.54856649 20.0 5 715.3 0.1919
18 R 47.3986999 8.54560736 20.0 5 569.6 0.1332
19 S 47.40065912 8.54658993 20.0 5 697.1 0.1711
20 T 47.40165128 8.54951431 20.0 5 480.7 0.1313