15 1.380 4 0.12 5350 15.2 5 1 1.0
1 A 47.40031071 8.54787652 20.0 5 447.3 0.1479
2 B 47.40014504 8.54885657 20.0 5 447.7 0.1347
3 C 47.39813972 8.5492614 20.0 5 423.6 0.1516
4 D 47.40107705 8.54940536 20.0 5 309.4 0.176
5 E 47.40046011 8.54703159 20.0 5 393.0 0.1365
6 F 47.40010789 8.54979249 20.0 5 353.8 0.1407
7 G 47.4011538 8.54931265 20.0 5 482.8 0.1121
8 H 47.39818693 8.548391 20.0 5 403.5 0.1183
9 I 47.40058742 8.54828048 20.0 5 506.6 0.1898
10 J 47.39988597 8.54793123 20.0 5 430.4 0.1726
11 K 47.39991476 8.54764563 20.0 5 324.2 0.1665
12 L 47.39801562 8.54908233 20.0 5 348.2 0.1029
13 M 47.39863038 8.54694549 20.0 5 381.2 0.1579
14 N 47.40148242 8.54646716 20.0 5 509.7 0.1071
15 O 47.40119918 8.54560735 20.0 5 286.0 0.1732