20 1.380 4 0.12 5350 15.2 5 1 1.0
1 A 47.39792909 8.54946141 20.0 5 729.4 0.1392
2 B 47.39832237 8.54580928 20.0 5 587.5 0.1937
3 C 47.39950996 8.54728086 20.0 5 483.2 0.175
4 D 47.40127499 8.54897503 20.0 5 641.9 0.1175
5 E 47.40057595 8.54784986 20.0 5 743.6 0.1837
6 F 47.40175922 8.54627429 20.0 5 497.3 0.1864
7 G 47.39914869 8.54659454 20.0 5 499.1 0.1338
8 H 47.39843185 8.54587048 20.0 5 684.9 0.1735
9 I 47.40056768 8.54814899 20.0 5 765.0 0.1472
10 J 47.39904924 8.54614608 20.0 5 741.4 0.1209
11 K 47.40113695 8.54962447 20.0 5 423.1 0.101
12 L 47.39857544 8.54714518 20.0 5 485.4 0.193
13 M 47.39937753 8.54660257 20.0 5 679.4 0.1827
14 N 47.40073116 8.54982818 20.0 5 652.9 0.1831
15 O 47.40182872 8.54730446 20.0 5 647.9 0.1298
16 P 47.40083501 8.54982192 20.0 5 523.2 0.1743
17 Q 47.40025238 8.54967316 20.0 5 510.4 0.1119
18 R 47.40113101 8.54596719 20.0 5 599.9 0.1347
19 S 47.3981052 8.54688422 20.0 5 435.0 0.1518
20 T 47.40180271 8.54935278 20.0 5 557.6 0.1575