15 1.380 4 0.12 5350 15.2 5 1 1.0
1 A 47.40053146 8.54572622 20.0 5 278.3 0.1746
2 B 47.39852915 8.54812269 20.0 5 518.1 0.135
3 C 47.40139476 8.54878554 20.0 5 425.7 0.1389
4 D 47.40093501 8.54862603 20.0 5 473.9 0.158
5 E 47.39967085 8.54898049 20.0 5 280.2 0.1598
6 F 47.39974376 8.54704259 20.0 5 460.9 0.1373
7 G 47.39797886 8.54667372 20.0 5 457.3 0.1337
8 H 47.39904184 8.54560719 20.0 5 393.2 0.1216
9 I 47.4004937 8.54644573 20.0 5 283.8 0.1806
10 J 47.40028393 8.54864638 20.0 5 510.6 0.1157
11 K 47.4006664 8.54707592 20.0 5 480.2 0.1856
12 L 47.40141341 8.54836146 20.0 5 408.8 0.1197
13 M 47.4018667 8.54821234 20.0 5 508.4 0.1605
14 N 47.40024204 8.54913928 20.0 5 335.8 0.1135
15 O 47.40141673 8.54960138 20.0 5 379.5 0.1064