20 1.380 4 0.12 5350 15.2 5 1 1.0
1 A 47.39863756 8.54933346 20.0 5 645.0 0.103
2 B 47.40039333 8.54882373 20.0 5 616.1 0.1191
3 C 47.40187776 8.54952784 20.0 5 760.2 0.1511
4 D 47.39895795 8.54584153 20.0 5 395.0 0.118
5 E 47.40162507 8.54623941 20.0 5 769.4 0.1368
6 F 47.39853591 8.54896017 20.0 5 656.2 0.1168
7 G 47.40111297 8.54571098 20.0 5 419.3 0.1279
8 H 47.40075404 8.54650849 20.0 5 731.4 0.1821
9 I 47.40137661 8.54761352 20.0 5 679.3 0.1815
10 J 47.39781832 8.54833794 20.0 5 623.6 0.1594
11 K 47.40012515 8.54581556 20.0 5 494.1 0.1223
12 L 47.39794299 8.54781883 20.0 5 643.9 0.1749
13 M 47.40004477 8.54590275 20.0 5 551.7 0.1389
14 N 47.40103082 8.54854306 20.0 5 488.7 0.1476
15 O 47.40049311 8.54893727 20.0 5 534.6 0.1104
16 P 47.40203173 8.5493007 20.0 5 736.4 0.1448
17 Q 47.39979427 8.54605941 20.0 5 430.0 0.1598
18 R 47.39817316 8.54623298 20.0 5 755.8 0.1513
19 S 47.401315 8.54667979 20.0 5 476.1 0.1545
20 T 47.39945922 8.54581583 20.0 5 575.5 0.1768