15 1.380 4 0.12 5350 15.2 5 1 1.0
1 A 47.39869223 8.5459341 20.0 5 477.0 0.1562
2 B 47.39818924 8.54626313 20.0 5 330.9 0.1784
3 C 47.40175182 8.54862454 20.0 5 449.7 0.1068
4 D 47.40017934 8.54986976 20.0 5 375.5 0.1775
5 E 47.39877706 8.54887471 20.0 5 434.3 0.1997
6 F 47.40026483 8.54862145 20.0 5 383.9 0.1247
7 G 47.40045509 8.54771439 20.0 5 270.0 0.1349
8 H 47.39975187 8.54717911 20.0 5 270.0 0.1589
9 I 47.39813655 8.54770752 20.0 5 362.1 0.1257
10 J 47.39937986 8.54816611 20.0 5 308.1 0.1415
11 K 47.40132009 8.54787168 20.0 5 453.0 0.1343
12 L 47.40186706 8.54695554 20.0 5 306.5 0.1991
13 M 47.40158687 8.54720402 20.0 5 336.2 0.1048
14 N 47.3994613 8.54596747 20.0 5 470.8 0.1523
15 O 47.40026995 8.54577902 20.0 5 510.6 0.1359