15 1.380 4 0.12 5350 15.2 5 1 1.0
1 A 47.40192301 8.54984299 20.0 5 438.6 0.1298
2 B 47.40070117 8.54635714 20.0 5 297.8 0.727
3 C 47.3996833 8.54787331 20.0 5 287.1 0.5901
4 D 47.39846272 8.54725846 20.0 5 481.0 0.4473
5 E 47.39803494 8.54707462 20.0 5 415.8 0.4409
6 F 47.39979856 8.54989116 20.0 5 329.0 0.4863
7 G 47.40184259 8.54618185 20.0 5 406.8 0.4186
8 H 47.40035722 8.54708722 20.0 5 397.0 0.2378
9 I 47.39988898 8.54771406 20.0 5 506.1 0.3437
10 J 47.39865703 8.54564962 20.0 5 479.2 0.1838
11 K 47.40162337 8.54650678 20.0 5 304.9 0.7417
12 L 47.39969983 8.54665464 20.0 5 488.3 0.5126
13 M 47.40068704 8.54980691 20.0 5 472.8 0.7459
14 N 47.39903475 8.54657185 20.0 5 526.0 0.4478
15 O 47.39871483 8.54615315 20.0 5 344.7 0.3141