20 1.380 4 0.12 5350 15.2 5 1 1.0
1 A 47.40142386 8.54573137 20.0 5 543.8 0.116
2 B 47.39973243 8.54716818 20.0 5 500.6 0.4137
3 C 47.39876706 8.54623305 20.0 5 510.0 0.229
4 D 47.39784498 8.5475574 20.0 5 482.3 0.5721
5 E 47.3987876 8.5458182 20.0 5 594.7 0.3843
6 F 47.40031557 8.5474226 20.0 5 459.6 0.5073
7 G 47.3993528 8.54933661 20.0 5 723.4 0.1427
8 H 47.40040836 8.54820136 20.0 5 425.1 0.7602
9 I 47.39989698 8.54797152 20.0 5 546.1 0.7373
10 J 47.39793027 8.54702484 20.0 5 538.8 0.4225
11 K 47.40112507 8.5496626 20.0 5 552.1 0.1981
12 L 47.39839776 8.54866186 20.0 5 536.5 0.3129
13 M 47.39917532 8.54724605 20.0 5 563.2 0.4171
14 N 47.40100491 8.54883477 20.0 5 415.0 0.3284
15 O 47.40160649 8.54893747 20.0 5 554.5 0.1684
16 P 47.40144838 8.54814213 20.0 5 692.3 0.4149
17 Q 47.40155836 8.5463259 20.0 5 652.6 0.1827
18 R 47.40161477 8.54975048 20.0 5 725.6 0.4554
19 S 47.40164566 8.54786839 20.0 5 613.1 0.6409
20 T 47.4013731 8.54988666 20.0 5 454.5 0.3522