10 1.380 4 0.12 5350 15.2 5 1 1.0
1 A 47.40204642 8.54839985 20.0 5 226.8 0.556
2 B 47.40112193 8.54915678 20.0 5 220.1 0.5407
3 C 47.4011593 8.54711881 20.0 5 192.0 0.7003
4 D 47.39899633 8.54926276 20.0 5 225.0 0.4041
5 E 47.39874694 8.54662541 20.0 5 218.9 0.5699
6 F 47.39946711 8.54661181 20.0 5 248.8 0.141
7 G 47.39838059 8.54608018 20.0 5 287.2 0.2753
8 H 47.39802292 8.54751047 20.0 5 280.1 0.3734
9 I 47.39873177 8.54624754 20.0 5 237.5 0.2861
10 J 47.4004635 8.54687901 20.0 5 231.9 0.7006