15 1.380 4 0.12 5350 15.2 5 1 1.0
1 A 47.39991469 8.54710192 20.0 5 395.8 0.3166
2 B 47.39824898 8.54819588 20.0 5 313.9 0.1153
3 C 47.39816728 8.54781904 20.0 5 461.2 0.3928
4 D 47.39809978 8.54758729 20.0 5 519.9 0.5972
5 E 47.39809871 8.54768536 20.0 5 377.1 0.6217
6 F 47.40007021 8.54923367 20.0 5 423.2 0.1373
7 G 47.40164328 8.54671318 20.0 5 387.7 0.5547
8 H 47.40133933 8.54950823 20.0 5 314.4 0.1827
9 I 47.40113628 8.54570258 20.0 5 306.1 0.3658
10 J 47.39992438 8.54790428 20.0 5 356.3 0.5222
11 K 47.40044993 8.54877169 20.0 5 353.4 0.435
12 L 47.39784227 8.54901914 20.0 5 402.8 0.5795
13 M 47.40199695 8.54907544 20.0 5 345.1 0.4968
14 N 47.40025254 8.54582686 20.0 5 437.3 0.2191
15 O 47.39918189 8.5465304 20.0 5 478.5 0.2239