15 1.380 4 0.12 5350 15.2 5 1 1.0
1 A 47.39827333 8.54686445 20.0 5 448.5 0.3708
2 B 47.39783653 8.54850127 20.0 5 327.7 0.2422
3 C 47.40171808 8.54962795 20.0 5 383.9 0.1969
4 D 47.40101669 8.54734621 20.0 5 447.3 0.7385
5 E 47.40054018 8.54887333 20.0 5 505.6 0.1517
6 F 47.39935775 8.54894164 20.0 5 498.9 0.3547
7 G 47.40188443 8.54833516 20.0 5 367.5 0.3931
8 H 47.39958242 8.54791477 20.0 5 461.5 0.6422
9 I 47.39965931 8.54980614 20.0 5 337.9 0.6084
10 J 47.39823119 8.54654687 20.0 5 362.6 0.1105
11 K 47.40143561 8.54674057 20.0 5 360.6 0.586
12 L 47.39838322 8.54816719 20.0 5 478.5 0.7768
13 M 47.39861919 8.54615172 20.0 5 378.0 0.1102
14 N 47.39886401 8.54751864 20.0 5 375.6 0.4526
15 O 47.40038566 8.54788602 20.0 5 425.6 0.2243