10 1.380 4 0.12 5350 15.2 5 1 1.0
1 A 47.40194925 8.54570757 20.0 5 296.6 0.1357
2 B 47.39924215 8.54855346 20.0 5 255.0 0.7766
3 C 47.40169579 8.54740528 20.0 5 273.8 0.3648
4 D 47.40152782 8.54624795 20.0 5 320.9 0.2845
5 E 47.40126692 8.54563012 20.0 5 221.6 0.5569
6 F 47.39888637 8.54566057 20.0 5 245.8 0.7209
7 G 47.4004754 8.54943231 20.0 5 279.1 0.7195
8 H 47.39823095 8.5473553 20.0 5 240.1 0.5807
9 I 47.39924605 8.54818318 20.0 5 276.2 0.2344
10 J 47.40140472 8.54874841 20.0 5 199.8 0.4201