10 1.380 4 0.12 5350 15.2 5 1 1.0
1 A 47.39835359 8.54749149 20.0 5 243.8 0.7743
2 B 47.39850677 8.54628847 20.0 5 307.9 0.7165
3 C 47.40144254 8.54703843 20.0 5 261.3 0.375
4 D 47.39908751 8.54911312 20.0 5 236.6 0.3119
5 E 47.39917608 8.54834703 20.0 5 224.2 0.4741
6 F 47.39938098 8.54849477 20.0 5 316.5 0.2341
7 G 47.39789388 8.54595909 20.0 5 308.8 0.1491
8 H 47.39920023 8.54828584 20.0 5 176.5 0.1783
9 I 47.40004167 8.54628075 20.0 5 236.4 0.5209
10 J 47.39930127 8.54886224 20.0 5 196.2 0.1501