20 1.380 4 0.12 5350 15.2 5 1 1.0
1 A 47.39785144 8.54702277 20.0 5 567.4 0.7327
2 B 47.40128173 8.54906307 20.0 5 583.3 0.4888
3 C 47.40054257 8.54758239 20.0 5 445.3 0.3147
4 D 47.39778657 8.54863018 20.0 5 557.5 0.4096
5 E 47.4010662 8.54715162 20.0 5 764.4 0.2218
6 F 47.40080787 8.54964261 20.0 5 654.0 0.2718
7 G 47.39816393 8.54826218 20.0 5 587.4 0.7491
8 H 47.40107198 8.54916799 20.0 5 455.3 0.5412
9 I 47.40115915 8.5471972 20.0 5 512.2 0.3608
10 J 47.40163066 8.5491029 20.0 5 697.3 0.3968
11 K 47.40100769 8.54806023 20.0 5 508.0 0.5706
12 L 47.3997973 8.54609387 20.0 5 751.4 0.5407
13 M 47.40119104 8.5467799 20.0 5 723.2 0.7714
14 N 47.40186661 8.54693759 20.0 5 610.4 0.2909
15 O 47.39918173 8.54672772 20.0 5 661.7 0.6522
16 P 47.40054537 8.54716514 20.0 5 539.6 0.6375
17 Q 47.40144878 8.54889382 20.0 5 751.9 0.2608
18 R 47.39792862 8.54897071 20.0 5 700.5 0.2065
19 S 47.40058589 8.54565908 20.0 5 610.8 0.3102
20 T 47.40043284 8.54937226 20.0 5 545.4 0.6665