20 1.380 4 0.12 5350 15.2 5 1 1.0
1 A 47.40000313 8.54726943 20.0 5 775.8 0.7147
2 B 47.40111755 8.54859647 20.0 5 762.8 0.1036
3 C 47.40104713 8.54855487 20.0 5 395.9 0.3871
4 D 47.39887405 8.54750559 20.0 5 657.4 0.4702
5 E 47.3981968 8.54618953 20.0 5 537.1 0.2937
6 F 47.40038513 8.54758694 20.0 5 761.8 0.5175
7 G 47.39973538 8.54919744 20.0 5 745.4 0.6062
8 H 47.4016401 8.54916332 20.0 5 721.0 0.1266
9 I 47.39776326 8.549443 20.0 5 694.6 0.6115
10 J 47.39945054 8.54941489 20.0 5 623.6 0.4509
11 K 47.39898927 8.54629085 20.0 5 485.2 0.1859
12 L 47.40080533 8.54705178 20.0 5 591.6 0.3855
13 M 47.39896828 8.54829249 20.0 5 755.9 0.1404
14 N 47.39942871 8.54827593 20.0 5 726.3 0.6751
15 O 47.39982511 8.54700248 20.0 5 536.9 0.1711
16 P 47.39998403 8.54952648 20.0 5 392.9 0.2313
17 Q 47.40139456 8.54850502 20.0 5 477.4 0.5061
18 R 47.40099122 8.54710978 20.0 5 532.3 0.3994
19 S 47.40114428 8.54710438 20.0 5 614.2 0.1591
20 T 47.40058509 8.54730638 20.0 5 733.8 0.3947