10 1.380 4 0.12 5350 15.2 5 1 1.0
1 A 52.21197079 0.09358409 20.0 5 329.2 0.118
2 B 52.21365263 0.09465372 20.0 5 312.4 0.1913
3 C 52.21238098 0.09409722 20.0 5 285.4 0.1235
4 D 52.21459981 0.0963539 20.0 5 300.7 0.1486
5 E 52.21197006 0.09445901 20.0 5 310.5 0.1909
6 F 52.21106638 0.09444001 20.0 5 197.6 0.1949
7 G 52.21210042 0.09451227 20.0 5 184.7 0.1514
8 H 52.21188447 0.09661124 20.0 5 194.8 0.1417
9 I 52.21235952 0.09416696 20.0 5 345.9 0.1044
10 J 52.21435138 0.09566143 20.0 5 264.4 0.1623