20 1.380 4 0.12 5350 15.2 5 1 1.0
1 A 52.21166992 0.0953985 20.0 5 635.1 0.186
2 B 52.21319942 0.09413918 20.0 5 624.6 0.1317
3 C 52.21247437 0.09643222 20.0 5 538.7 0.1049
4 D 52.21251509 0.0945465 20.0 5 540.2 0.179
5 E 52.2105161 0.09523245 20.0 5 492.0 0.1841
6 F 52.21286223 0.09578299 20.0 5 436.7 0.1247
7 G 52.21161306 0.09377695 20.0 5 778.4 0.1639
8 H 52.21130928 0.09626001 20.0 5 521.2 0.1472
9 I 52.21072778 0.09604998 20.0 5 497.2 0.1761
10 J 52.2142395 0.09434655 20.0 5 758.9 0.1396
11 K 52.21181905 0.09378057 20.0 5 624.1 0.122
12 L 52.21141688 0.09660698 20.0 5 433.6 0.1489
13 M 52.21242393 0.09383298 20.0 5 405.4 0.1681
14 N 52.21122863 0.09522951 20.0 5 759.7 0.126
15 O 52.21380106 0.09448662 20.0 5 554.2 0.163
16 P 52.21071843 0.09608369 20.0 5 517.1 0.1407
17 Q 52.21118022 0.09596814 20.0 5 484.7 0.1058
18 R 52.21060676 0.09554766 20.0 5 445.0 0.189
19 S 52.21352556 0.09359868 20.0 5 515.5 0.1227
20 T 52.21260505 0.09268298 20.0 5 636.0 0.1963