15 1.380 4 0.12 5350 15.2 5 1 1.0
1 A 52.21180772 0.09320734 20.0 5 281.4 0.1663
2 B 52.2110649 0.09678633 20.0 5 512.5 0.1982
3 C 52.21377668 0.0935218 20.0 5 474.8 0.1352
4 D 52.21418001 0.09333263 20.0 5 525.6 0.1933
5 E 52.21152987 0.09270965 20.0 5 306.3 0.1332
6 F 52.21155409 0.09558663 20.0 5 486.0 0.1988
7 G 52.21068406 0.09292273 20.0 5 381.1 0.1027
8 H 52.21087176 0.09663794 20.0 5 361.3 0.1056
9 I 52.21181962 0.096139 20.0 5 277.0 0.1164
10 J 52.21161347 0.09500653 20.0 5 351.0 0.1097
11 K 52.21064444 0.09595266 20.0 5 333.7 0.144
12 L 52.21276691 0.09399633 20.0 5 428.0 0.1266
13 M 52.21363406 0.09690816 20.0 5 439.6 0.1248
14 N 52.21326764 0.09313378 20.0 5 402.8 0.1253
15 O 52.21362685 0.09419598 20.0 5 437.2 0.1097