20 1.380 4 0.12 5350 15.2 5 1 1.0
1 A 52.21213938 0.09607 20.0 5 727.1 0.1539
2 B 52.2114439 0.09285513 20.0 5 753.9 0.183
3 C 52.21387152 0.0939157 20.0 5 494.0 0.1989
4 D 52.2141423 0.09320134 20.0 5 428.6 0.1099
5 E 52.21117446 0.09291355 20.0 5 572.4 0.1788
6 F 52.2132103 0.09668097 20.0 5 701.5 0.1468
7 G 52.21146078 0.09296106 20.0 5 542.1 0.1667
8 H 52.21340837 0.09443122 20.0 5 720.2 0.193
9 I 52.2141081 0.09508865 20.0 5 661.5 0.1671
10 J 52.21167538 0.09653434 20.0 5 715.0 0.1069
11 K 52.21125769 0.09479216 20.0 5 476.2 0.1404
12 L 52.2114833 0.09529819 20.0 5 664.1 0.1312
13 M 52.21125933 0.09607586 20.0 5 691.4 0.1337
14 N 52.21343312 0.09401906 20.0 5 562.0 0.1074
15 O 52.212016 0.09676767 20.0 5 671.8 0.1305
16 P 52.21394237 0.09322297 20.0 5 677.8 0.1297
17 Q 52.21058264 0.09314343 20.0 5 430.6 0.1086
18 R 52.21434285 0.09539756 20.0 5 520.1 0.1822
19 S 52.21273248 0.0956799 20.0 5 764.6 0.1043
20 T 52.21108056 0.0943362 20.0 5 548.5 0.1471