20 1.380 4 0.12 5350 15.2 5 1 1.0
1 A 52.21298536 0.09473681 20.0 5 478.9 0.1319
2 B 52.21399593 0.09695495 20.0 5 633.8 0.1595
3 C 52.21171689 0.09302981 20.0 5 443.3 0.1387
4 D 52.21333806 0.09467273 20.0 5 471.1 0.1501
5 E 52.21272363 0.09273902 20.0 5 635.5 0.1696
6 F 52.21380631 0.09545101 20.0 5 592.5 0.1201
7 G 52.21118123 0.09271945 20.0 5 459.6 0.1472
8 H 52.2134191 0.09670936 20.0 5 509.8 0.1504
9 I 52.21363857 0.09576983 20.0 5 676.9 0.1079
10 J 52.2134462 0.09459826 20.0 5 668.3 0.1843
11 K 52.21293152 0.0934337 20.0 5 401.0 0.1476
12 L 52.21109742 0.09374187 20.0 5 678.8 0.1798
13 M 52.21296672 0.09450467 20.0 5 654.1 0.1598
14 N 52.2108361 0.09633524 20.0 5 568.3 0.1691
15 O 52.21223098 0.09680409 20.0 5 409.3 0.1019
16 P 52.21445184 0.09546199 20.0 5 426.4 0.1187
17 Q 52.21363409 0.09316929 20.0 5 617.0 0.1029
18 R 52.21226532 0.09651972 20.0 5 761.6 0.1947
19 S 52.21419241 0.09425484 20.0 5 780.0 0.1308
20 T 52.21211587 0.09631976 20.0 5 677.0 0.1684