15 1.380 4 0.12 5350 15.2 5 1 1.0
1 A 52.21159883 0.09614392 20.0 5 362.8 0.1051
2 B 52.2104897 0.09340423 20.0 5 274.9 0.1506
3 C 52.21174408 0.09595409 20.0 5 307.0 0.1866
4 D 52.2115385 0.0950004 20.0 5 404.9 0.1996
5 E 52.21245846 0.09570953 20.0 5 279.2 0.1974
6 F 52.21276454 0.09672274 20.0 5 380.7 0.1093
7 G 52.21362576 0.09306321 20.0 5 498.4 0.1956
8 H 52.21468029 0.09380301 20.0 5 414.2 0.1152
9 I 52.21211687 0.09601714 20.0 5 374.5 0.1532
10 J 52.21274808 0.09630031 20.0 5 531.1 0.1745
11 K 52.21203097 0.09613209 20.0 5 356.7 0.1071
12 L 52.21380654 0.09495327 20.0 5 341.4 0.1734
13 M 52.21240867 0.09290343 20.0 5 395.2 0.1601
14 N 52.21120886 0.09448078 20.0 5 480.9 0.1939
15 O 52.21392993 0.09557269 20.0 5 334.7 0.1621