15 1.380 4 0.12 5350 15.2 5 1 1.0
1 A 52.2140878 0.09314679 20.0 5 402.1 0.135
2 B 52.21085185 0.09598912 20.0 5 389.0 0.1248
3 C 52.21098644 0.09518131 20.0 5 351.8 0.1984
4 D 52.21044813 0.09339693 20.0 5 328.7 0.1659
5 E 52.21130482 0.09598366 20.0 5 420.0 0.1166
6 F 52.21082707 0.09587952 20.0 5 320.5 0.1602
7 G 52.21402725 0.09486808 20.0 5 321.6 0.1888
8 H 52.21364466 0.0939971 20.0 5 525.0 0.162
9 I 52.21332203 0.09321042 20.0 5 435.7 0.1516
10 J 52.21173015 0.09377405 20.0 5 403.2 0.1431
11 K 52.21169094 0.09386204 20.0 5 428.1 0.1979
12 L 52.21203637 0.09681321 20.0 5 277.0 0.1336
13 M 52.21318756 0.09544701 20.0 5 315.5 0.1289
14 N 52.21086671 0.09536361 20.0 5 399.4 0.109
15 O 52.21118449 0.09673836 20.0 5 519.3 0.1453