14 1.380 4 0.12 5350 15.2 5 1 0.95
1 A 47.8161629207 8.53320572898 20.0 5 10.0 0.1899
2 B 47.7952538073 8.53878030879 20.0 5 10.0 0.2445
3 C 47.8249227629 8.54132604468 20.0 5 10.0 0.1947
4 D 47.7328059269 8.53271143335 20.0 5 10.0 0.1265
5 E 47.8387965616 8.54062494812 20.0 5 10.0 0.1959
6 F 47.8870235127 8.54907576174 20.0 5 10.0 0.2479
7 G 47.7926262833 8.54775473418 20.0 5 10.0 0.1242
8 H 47.7848677663 8.53855316663 20.0 5 10.0 0.2583
9 I 47.7156688704 8.53980911567 20.0 5 10.0 0.1183
10 J 47.7171613934 8.54801079315 20.0 5 10.0 0.2678
11 K 47.7019642836 8.54670822334 20.0 5 10.0 0.1527
12 L 47.7289463782 8.53585068289 20.0 5 10.0 0.1458
13 M 47.7400953439 8.53825166827 20.0 5 10.0 0.1033
14 N 47.757931098 8.53420870896 20.0 5 10.0 0.2953