15 1.380 4 0.12 5350 15.2 5 1 1.0
1 A 52.21234024 0.09383887 20.0 5 412.8 0.4735
2 B 52.21283381 0.09423347 20.0 5 399.8 0.222
3 C 52.21363838 0.09539856 20.0 5 319.2 0.2488
4 D 52.21058693 0.09378891 20.0 5 500.9 0.584
5 E 52.2137594 0.0941487 20.0 5 304.5 0.7786
6 F 52.21238859 0.09324572 20.0 5 266.7 0.3947
7 G 52.21272158 0.0955278 20.0 5 428.0 0.3812
8 H 52.21155834 0.09463564 20.0 5 395.1 0.52
9 I 52.21409789 0.09271572 20.0 5 365.6 0.1864
10 J 52.21286482 0.09387075 20.0 5 517.8 0.1184
11 K 52.21155905 0.09419785 20.0 5 281.1 0.5116
12 L 52.21430399 0.09659724 20.0 5 321.4 0.1504
13 M 52.21283956 0.09587064 20.0 5 276.7 0.5145
14 N 52.2139407 0.09593817 20.0 5 388.6 0.3102
15 O 52.21132476 0.09631464 20.0 5 318.4 0.2085