10 1.380 4 0.12 5350 15.2 5 1 1.0
1 A 52.21428562 0.09450645 20.0 5 351.2 0.7317
2 B 52.21329552 0.09685946 20.0 5 300.0 0.1687
3 C 52.21070229 0.09500666 20.0 5 257.5 0.3215
4 D 52.21353904 0.09387442 20.0 5 237.6 0.3287
5 E 52.21462568 0.09553082 20.0 5 196.1 0.4307
6 F 52.21222949 0.09535325 20.0 5 210.4 0.284
7 G 52.21294443 0.09610031 20.0 5 248.4 0.1557
8 H 52.21368764 0.0964904 20.0 5 338.4 0.1526
9 I 52.21153402 0.09440996 20.0 5 197.7 0.2222
10 J 52.21163961 0.09545417 20.0 5 259.7 0.2001