15 1.380 4 0.12 5350 15.2 5 1 1.0
1 A 52.21245371 0.09465077 20.0 5 339.1 0.4501
2 B 52.21201828 0.09627902 20.0 5 386.0 0.7916
3 C 52.21315192 0.09505075 20.0 5 367.3 0.1818
4 D 52.21334122 0.0927696 20.0 5 296.2 0.3874
5 E 52.21360425 0.09481928 20.0 5 372.3 0.1875
6 F 52.21231861 0.09274247 20.0 5 491.1 0.5225
7 G 52.2126816 0.09457918 20.0 5 341.6 0.5695
8 H 52.2142011 0.09552749 20.0 5 294.0 0.6306
9 I 52.21339225 0.09609713 20.0 5 315.8 0.4475
10 J 52.21100524 0.09377378 20.0 5 282.7 0.3268
11 K 52.21109486 0.0968503 20.0 5 429.4 0.2738
12 L 52.21058457 0.0931309 20.0 5 478.4 0.7098
13 M 52.21225286 0.09479116 20.0 5 525.6 0.317
14 N 52.21306179 0.09641232 20.0 5 485.3 0.2622
15 O 52.21297829 0.09635458 20.0 5 379.0 0.7727