20 1.380 4 0.12 5350 15.2 5 1 1.0
1 A 52.21388316 0.09624016 20.0 5 528.1 0.2911
2 B 52.21047996 0.09614653 20.0 5 714.0 0.5478
3 C 52.21065084 0.09655328 20.0 5 411.5 0.3724
4 D 52.21360326 0.09460281 20.0 5 683.1 0.7988
5 E 52.2142202 0.0959083 20.0 5 502.2 0.3837
6 F 52.21373869 0.09559099 20.0 5 743.3 0.2972
7 G 52.21170494 0.0938743 20.0 5 548.0 0.7249
8 H 52.21401053 0.09587854 20.0 5 506.1 0.1285
9 I 52.21063882 0.09412838 20.0 5 725.3 0.6945
10 J 52.21118242 0.09509271 20.0 5 637.6 0.2013
11 K 52.21250597 0.09319101 20.0 5 395.2 0.7126
12 L 52.21354342 0.09575359 20.0 5 398.4 0.387
13 M 52.21152674 0.09637107 20.0 5 736.9 0.3169
14 N 52.21251111 0.09389024 20.0 5 742.3 0.5131
15 O 52.21076021 0.09492026 20.0 5 511.1 0.6825
16 P 52.21065985 0.09531251 20.0 5 772.1 0.119
17 Q 52.21188972 0.09334375 20.0 5 449.3 0.1818
18 R 52.21312604 0.09284517 20.0 5 519.8 0.1739
19 S 52.21468812 0.09440795 20.0 5 638.2 0.2887
20 T 52.21334384 0.09382423 20.0 5 658.6 0.7027