20 1.380 4 0.12 5350 15.2 5 1 1.0
1 A 52.2142257 0.09692659 20.0 5 751.5 0.1808
2 B 52.21190889 0.09391862 20.0 5 743.1 0.2032
3 C 52.2124296 0.09457169 20.0 5 766.6 0.6002
4 D 52.21281924 0.09320554 20.0 5 580.2 0.3091
5 E 52.21422184 0.09495488 20.0 5 769.6 0.3913
6 F 52.2113477 0.09412115 20.0 5 607.7 0.6726
7 G 52.21451914 0.09508861 20.0 5 581.1 0.4204
8 H 52.21170822 0.09516743 20.0 5 743.4 0.36
9 I 52.21185174 0.0967921 20.0 5 468.4 0.2571
10 J 52.21217001 0.09312848 20.0 5 701.8 0.228
11 K 52.21381395 0.09486094 20.0 5 683.8 0.6925
12 L 52.21125486 0.09585636 20.0 5 719.2 0.2512
13 M 52.21421577 0.09318915 20.0 5 585.3 0.6135
14 N 52.21192394 0.09364385 20.0 5 429.0 0.407
15 O 52.21365224 0.09566321 20.0 5 548.1 0.3855
16 P 52.21123949 0.09369066 20.0 5 479.8 0.749
17 Q 52.21241683 0.09481174 20.0 5 544.6 0.7421
18 R 52.21329836 0.09692555 20.0 5 761.9 0.5779
19 S 52.21113645 0.09683355 20.0 5 726.2 0.6169
20 T 52.21444462 0.09322301 20.0 5 631.4 0.745