10 1.380 4 0.12 5350 15.2 5 1 1.0
1 A 52.21320129 0.09303481 20.0 5 194.0 0.6402
2 B 52.21108862 0.09620705 20.0 5 186.3 0.5645
3 C 52.21115144 0.09372369 20.0 5 241.4 0.1098
4 D 52.21216911 0.09533228 20.0 5 214.3 0.7495
5 E 52.21117413 0.0968359 20.0 5 314.6 0.5328
6 F 52.21289717 0.09416187 20.0 5 185.9 0.1915
7 G 52.21366838 0.09497146 20.0 5 307.9 0.1112
8 H 52.21150584 0.09687402 20.0 5 344.8 0.6871
9 I 52.211231 0.09647272 20.0 5 200.0 0.3641
10 J 52.21441661 0.09469733 20.0 5 311.2 0.2374