20 1.380 4 0.12 5350 15.2 5 1 1.0
1 A 52.2145753 0.0965906 20.0 5 438.4 0.4338
2 B 52.21228081 0.09317206 20.0 5 470.8 0.1454
3 C 52.21138598 0.09370577 20.0 5 434.4 0.542
4 D 52.21054984 0.09620845 20.0 5 728.9 0.1657
5 E 52.21331951 0.09382541 20.0 5 582.4 0.3875
6 F 52.21397397 0.09339487 20.0 5 435.4 0.3617
7 G 52.21375649 0.09295901 20.0 5 475.5 0.1964
8 H 52.21313088 0.09377198 20.0 5 512.2 0.475
9 I 52.21286016 0.09486042 20.0 5 687.5 0.1688
10 J 52.21346632 0.09410265 20.0 5 441.8 0.5139
11 K 52.21297537 0.09554121 20.0 5 705.1 0.1217
12 L 52.21251489 0.09677129 20.0 5 487.3 0.4398
13 M 52.2106559 0.09420827 20.0 5 471.6 0.2173
14 N 52.21253323 0.09509063 20.0 5 546.4 0.5366
15 O 52.21381702 0.0962548 20.0 5 409.7 0.5492
16 P 52.21295771 0.0941484 20.0 5 649.1 0.7699
17 Q 52.21386592 0.09287049 20.0 5 467.9 0.3523
18 R 52.21107541 0.09282503 20.0 5 669.3 0.5143
19 S 52.2116398 0.09380233 20.0 5 416.6 0.6726
20 T 52.21079526 0.09524239 20.0 5 520.2 0.1662