15 1.380 4 0.12 5350 15.2 5 1 1.0
1 A 52.21217922 0.0938953 20.0 5 488.7 0.4872
2 B 52.21327293 0.09544734 20.0 5 434.7 0.5618
3 C 52.21345347 0.09270276 20.0 5 483.4 0.3466
4 D 52.21416654 0.09391418 20.0 5 438.5 0.5766
5 E 52.2137841 0.09460303 20.0 5 329.5 0.5518
6 F 52.21354808 0.09622399 20.0 5 477.3 0.5334
7 G 52.21387739 0.09610363 20.0 5 301.9 0.7319
8 H 52.21288024 0.09643901 20.0 5 450.3 0.3493
9 I 52.21375242 0.09630726 20.0 5 366.5 0.6048
10 J 52.21459106 0.09498865 20.0 5 329.9 0.6603
11 K 52.21125022 0.09474789 20.0 5 272.2 0.4884
12 L 52.2106052 0.09275519 20.0 5 333.1 0.692
13 M 52.21131578 0.09660168 20.0 5 446.8 0.6683
14 N 52.21357458 0.09266969 20.0 5 304.0 0.2776
15 O 52.21250978 0.0968986 20.0 5 472.2 0.6633