15 1.380 4 0.12 5350 15.2 5 1 1.0
1 A 52.21403328 0.09380779 20.0 5 362.1 0.3535
2 B 52.21238324 0.09369016 20.0 5 453.3 0.2592
3 C 52.21096315 0.09505287 20.0 5 470.3 0.3877
4 D 52.21056448 0.09369268 20.0 5 293.5 0.3814
5 E 52.21079097 0.09650878 20.0 5 296.3 0.3834
6 F 52.214532 0.0933607 20.0 5 356.0 0.223
7 G 52.21107038 0.09477952 20.0 5 344.4 0.1067
8 H 52.21195224 0.09390781 20.0 5 497.8 0.1944
9 I 52.21164902 0.09545492 20.0 5 350.2 0.3091
10 J 52.21079102 0.09436943 20.0 5 529.3 0.3734
11 K 52.21261463 0.09609637 20.0 5 488.4 0.1832
12 L 52.21330526 0.09655648 20.0 5 489.6 0.359
13 M 52.21269477 0.0956371 20.0 5 334.0 0.2498
14 N 52.21475815 0.09625319 20.0 5 382.5 0.1117
15 O 52.21443721 0.09326376 20.0 5 397.0 0.2452