10 1.380 4 0.12 5350 15.2 5 1 1.0
1 A 52.21221273 0.09444979 20.0 5 291.9 0.1118
2 B 52.21447468 0.09311038 20.0 5 233.3 0.2367
3 C 52.21344441 0.09585168 20.0 5 218.5 0.3852
4 D 52.21331664 0.09470306 20.0 5 212.2 0.2011
5 E 52.21189 0.09592886 20.0 5 272.5 0.3191
6 F 52.21242159 0.09595959 20.0 5 294.7 0.2672
7 G 52.21295611 0.09473451 20.0 5 334.9 0.2862
8 H 52.21273556 0.09622231 20.0 5 305.5 0.3638
9 I 52.21220307 0.09614771 20.0 5 184.9 0.2597
10 J 52.21319618 0.0949608 20.0 5 281.3 0.2197