20 1.380 4 0.12 5350 15.2 5 1 1.0
1 A 52.2131061 0.09388656 20.0 5 531.1 0.346
2 B 52.21139041 0.09558919 20.0 5 451.3 0.2762
3 C 52.21444726 0.09306475 20.0 5 769.8 0.2388
4 D 52.21145012 0.09574644 20.0 5 472.9 0.2524
5 E 52.21380902 0.09419008 20.0 5 783.1 0.2685
6 F 52.21172274 0.09404082 20.0 5 406.8 0.306
7 G 52.21095706 0.09415643 20.0 5 502.2 0.1509
8 H 52.21417836 0.0928926 20.0 5 673.7 0.2181
9 I 52.21222542 0.09288119 20.0 5 461.2 0.2423
10 J 52.21258565 0.09535387 20.0 5 584.6 0.235
11 K 52.21468204 0.09549093 20.0 5 424.8 0.1789
12 L 52.21160295 0.09370977 20.0 5 450.5 0.3711
13 M 52.21165959 0.0930232 20.0 5 425.5 0.1715
14 N 52.21353492 0.09668929 20.0 5 564.0 0.3789
15 O 52.21376217 0.09355369 20.0 5 717.5 0.1801
16 P 52.2143839 0.09441689 20.0 5 762.2 0.3871
17 Q 52.21136962 0.09362886 20.0 5 406.6 0.3482
18 R 52.21268098 0.09497967 20.0 5 580.9 0.3391
19 S 52.21260342 0.09334752 20.0 5 463.0 0.3525
20 T 52.21185048 0.09482313 20.0 5 663.9 0.3552