20 1.380 4 0.12 5350 15.2 5 1 1.0
1 A 52.21474793 0.09333574 20.0 5 604.0 0.1146
2 B 52.21099818 0.09481649 20.0 5 540.2 0.1436
3 C 52.21348648 0.09326795 20.0 5 608.8 0.2775
4 D 52.21328735 0.09367636 20.0 5 714.7 0.352
5 E 52.21447099 0.09482041 20.0 5 501.5 0.3879
6 F 52.2139191 0.09450691 20.0 5 708.4 0.3664
7 G 52.21350662 0.0958544 20.0 5 426.0 0.3093
8 H 52.21394107 0.09641923 20.0 5 626.9 0.1416
9 I 52.21157743 0.0927747 20.0 5 435.9 0.325
10 J 52.21408391 0.09447894 20.0 5 700.1 0.1062
11 K 52.21474441 0.09581287 20.0 5 627.0 0.2976
12 L 52.21086166 0.09349024 20.0 5 569.2 0.1134
13 M 52.21270355 0.0965804 20.0 5 777.5 0.3334
14 N 52.21381644 0.09672708 20.0 5 621.4 0.3896
15 O 52.21366735 0.09391824 20.0 5 488.7 0.2241
16 P 52.21365275 0.09399257 20.0 5 653.6 0.387
17 Q 52.21405374 0.09385624 20.0 5 486.4 0.3598
18 R 52.21423577 0.09289643 20.0 5 649.5 0.249
19 S 52.21318748 0.09613096 20.0 5 525.7 0.1162
20 T 52.21177372 0.09310612 20.0 5 633.7 0.1778