15 1.380 4 0.12 5350 15.2 5 1 1.0
1 A 52.2123032 0.09576251 20.0 5 392.8 0.3361
2 B 52.21377752 0.09639944 20.0 5 321.5 0.1044
3 C 52.2113946 0.09429751 20.0 5 466.4 0.3224
4 D 52.21232432 0.09522095 20.0 5 396.3 0.1631
5 E 52.21109151 0.09378717 20.0 5 509.9 0.3665
6 F 52.21242762 0.0943109 20.0 5 340.8 0.2512
7 G 52.21331209 0.09445663 20.0 5 524.0 0.3946
8 H 52.21073715 0.09306657 20.0 5 310.9 0.1836
9 I 52.21242527 0.09415277 20.0 5 508.0 0.2844
10 J 52.21108924 0.09326221 20.0 5 377.8 0.3608
11 K 52.21158982 0.09445599 20.0 5 438.6 0.3349
12 L 52.21199359 0.09429234 20.0 5 408.9 0.167
13 M 52.21063456 0.09310588 20.0 5 412.1 0.2578
14 N 52.21427798 0.09277784 20.0 5 388.6 0.1758
15 O 52.21279883 0.09272201 20.0 5 344.3 0.2871