10 1.380 4 0.12 5350 15.2 5 1 1.0
1 A 52.21442966 0.09535779 20.0 5 236.1 0.3558
2 B 52.21295092 0.0927704 20.0 5 270.0 0.3567
3 C 52.21349013 0.09588266 20.0 5 262.4 0.1912
4 D 52.21160285 0.09564661 20.0 5 346.9 0.3976
5 E 52.21288527 0.09372731 20.0 5 217.4 0.1586
6 F 52.21117982 0.09388063 20.0 5 300.3 0.3817
7 G 52.21046558 0.09632783 20.0 5 341.6 0.2086
8 H 52.21460303 0.09354591 20.0 5 314.9 0.2452
9 I 52.21164696 0.09386599 20.0 5 253.1 0.1937
10 J 52.21270636 0.09617537 20.0 5 325.6 0.3212