15 1.380 4 0.12 5350 15.2 5 1 1.0
1 A 52.21445581 0.09278065 20.0 5 480.4 0.1743
2 B 52.2111276 0.0957533 20.0 5 387.8 0.343
3 C 52.21051854 0.09689163 20.0 5 527.5 0.1957
4 D 52.21195997 0.0930134 20.0 5 502.1 0.1828
5 E 52.21306963 0.09274725 20.0 5 436.9 0.1421
6 F 52.21410995 0.09584816 20.0 5 479.5 0.3633
7 G 52.21138862 0.09511174 20.0 5 286.7 0.3691
8 H 52.2107797 0.0950613 20.0 5 366.2 0.3116
9 I 52.2138538 0.09619901 20.0 5 428.0 0.146
10 J 52.21323455 0.09450377 20.0 5 366.2 0.1631
11 K 52.2106182 0.09544014 20.0 5 471.1 0.3744
12 L 52.21168714 0.09571479 20.0 5 484.6 0.3945
13 M 52.21320493 0.0950717 20.0 5 495.7 0.3461
14 N 52.21244282 0.09429375 20.0 5 488.1 0.3026
15 O 52.21089286 0.09589952 20.0 5 304.5 0.2106