20 1.380 4 0.12 5350 15.2 5 1 1.0
1 A 52.21218449 0.09680879 20.0 5 764.0 0.2201
2 B 52.21200258 0.09265534 20.0 5 442.5 0.2566
3 C 52.21062724 0.09611749 20.0 5 470.6 0.1211
4 D 52.21356708 0.09343202 20.0 5 772.1 0.3949
5 E 52.21462553 0.09363786 20.0 5 750.6 0.308
6 F 52.21095085 0.09504998 20.0 5 501.0 0.1475
7 G 52.21127302 0.09628017 20.0 5 674.8 0.1803
8 H 52.21400061 0.09394801 20.0 5 663.7 0.3817
9 I 52.21387797 0.09403236 20.0 5 633.0 0.1795
10 J 52.21306085 0.09307567 20.0 5 697.7 0.1254
11 K 52.21108581 0.09422222 20.0 5 621.4 0.2014
12 L 52.2127498 0.09353849 20.0 5 418.2 0.311
13 M 52.21103515 0.09291011 20.0 5 544.9 0.1988
14 N 52.21464057 0.09286043 20.0 5 621.6 0.2319
15 O 52.21403539 0.09528762 20.0 5 582.4 0.3552
16 P 52.21060854 0.09439131 20.0 5 752.6 0.1531
17 Q 52.21093562 0.09267391 20.0 5 467.6 0.1195
18 R 52.21162303 0.09327683 20.0 5 692.5 0.2395
19 S 52.21240644 0.09667104 20.0 5 393.2 0.3867
20 T 52.21063807 0.09594844 20.0 5 768.3 0.2538