12 1.380 4 0.12 5350 15.2 5 1 0.95
1 A 47.40101867 8.54591063 20.0 5 354.8 0.2236
2 B 47.39853985 8.54755637 20.0 5 260.0 0.2363
3 C 47.40043082 8.54823786 20.0 5 367.1 0.1493
4 D 47.3991748 8.54660555 20.0 5 201.0 0.1398
5 E 47.39859423 8.54683069 20.0 5 314.8 0.2884
6 F 47.39913827 8.5471414 20.0 5 199.4 0.1278
7 G 47.40040707 8.54611758 20.0 5 366.0 0.2756
8 H 47.39897144 8.54825873 20.0 5 314.3 0.1668
9 I 47.40103942 8.54638469 20.0 5 231.5 0.2989
10 J 47.39790093 8.54833178 20.0 5 234.5 0.264
11 K 47.39806035 8.54782203 20.0 5 196.2 0.2889
12 L 47.40054821 8.54836364 20.0 5 320.8 0.1705