14 1.380 4 0.12 5350 15.2 5 1 0.95
1 A 47.3986943 8.5460885 20.0000000 5 10.0 0.1
2 B 47.3984239 8.5471913 30.0000000 5 10.0 0.2
3 C 47.3974797 8.5467263 30.0000000 5 10.0 0.1
4 D 47.3966162 8.5462971 30.0000000 5 10.0 0.2
5 E 47.3963418 8.5474595 30.0000000 5 10.0 0.1
6 F 47.3972376 8.5479007 30.0000000 5 10.0 0.1
7 G 47.3974878 8.5480258 30.0000000 5 10.0 0.1
8 H 47.3968250 8.5505806 30.0000000 5 10.0 0.1
9 I 47.3972215 8.5508196 30.0000000 5 10.0 0.3
10 J 47.3972854 8.5510241 30.0000000 5 10.0 0.1
11 K 47.3971603 8.5510831 30.0000000 5 10.0 0.1
12 L 47.3967583 8.5508708 30.0000000 5 10.0 0.2
13 M 47.3961471 8.5473955 30.0000000 5 10.0 0.1
14 N 47.3964235 8.5461705 30.0000000 5 10.0 0.1
