15 1.380 4 0.12 5350 15.2 5 1 1.0
1 A 47.39755014 8.54401945 20.0 5 660.8 0.3364
2 B 47.40187918 8.54540488 20.0 5 776.6 0.1134
3 C 47.39795436 8.5414289 20.0 5 503.5 0.1441
4 D 47.40110862 8.54900705 20.0 5 423.4 0.2743
5 E 47.3943794 8.54453957 20.0 5 775.1 0.3381
6 F 47.40120934 8.54508736 20.0 5 514.4 0.3405
7 G 47.40013105 8.54517979 20.0 5 500.6 0.3222
8 H 47.40119192 8.54548721 20.0 5 592.4 0.3571
9 I 47.39545336 8.54891502 20.0 5 626.8 0.1551
10 J 47.39853382 8.54585795 20.0 5 783.2 0.2618
11 K 47.39829136 8.54243289 20.0 5 506.6 0.3457
12 L 47.39425366 8.54790718 20.0 5 414.2 0.2817
13 M 47.39886929 8.54163337 20.0 5 523.2 0.1362
14 N 47.39913898 8.54879425 20.0 5 762.9 0.372
15 O 47.39486826 8.54857783 20.0 5 492.7 0.3504