20 1.380 4 0.12 5350 15.2 5 1 1.0
1 A 47.39960705 8.54773293 20.0 5 643.3 0.1213
2 B 47.40103916 8.5491459 20.0 5 948.4 0.2178
3 C 47.40145943 8.54423697 20.0 5 806.8 0.1039
4 D 47.39392141 8.54261226 20.0 5 1107.7 0.2553
5 E 47.39960578 8.54543223 20.0 5 969.6 0.2436
6 F 47.39994971 8.54766435 20.0 5 962.1 0.3516
7 G 47.39969736 8.54803213 20.0 5 709.7 0.196
8 H 47.39895772 8.54663909 20.0 5 861.9 0.2143
9 I 47.39741109 8.54184557 20.0 5 680.8 0.1245
10 J 47.39508532 8.5448013 20.0 5 592.4 0.2838
11 K 47.39995543 8.5420089 20.0 5 721.6 0.2928
12 L 47.39615331 8.54675428 20.0 5 923.9 0.1761
13 M 47.3950719 8.54372403 20.0 5 625.7 0.2803
14 N 47.39735494 8.54985973 20.0 5 617.0 0.2062
15 O 47.39734211 8.54711381 20.0 5 1127.1 0.2074
16 P 47.39406722 8.546812 20.0 5 1021.0 0.1353
17 Q 47.39690654 8.54778444 20.0 5 771.4 0.3244
18 R 47.39745801 8.54936296 20.0 5 636.1 0.1812
19 S 47.40122859 8.54815402 20.0 5 972.1 0.1146
20 T 47.39810753 8.54826638 20.0 5 849.2 0.2622