10 1.380 4 0.12 5350 15.2 5 1 1.0
1 A 47.39902908 8.54266852 20.0 5 293.3 0.3928
2 B 47.3937145 8.54707636 20.0 5 406.9 0.2256
3 C 47.39805332 8.54498597 20.0 5 514.6 0.2777
4 D 47.39497484 8.54621868 20.0 5 394.0 0.3373
5 E 47.4007716 8.54538075 20.0 5 288.1 0.3952
6 F 47.40092217 8.54859583 20.0 5 439.5 0.2778
7 G 47.4017944 8.54578113 20.0 5 444.1 0.2899
8 H 47.39943793 8.54322456 20.0 5 518.3 0.3209
9 I 47.40053919 8.54363749 20.0 5 526.8 0.1157
10 J 47.39434974 8.54634201 20.0 5 362.0 0.2064