10 1.380 4 0.12 5350 15.2 5 1 1.0
1 A 47.39729049 8.54258418 20.0 5 360.3 0.2776
2 B 47.3971572 8.54467192 20.0 5 532.7 0.3175
3 C 47.40163148 8.54251148 20.0 5 294.8 0.3333
4 D 47.39623446 8.54266712 20.0 5 378.0 0.1287
5 E 47.3955611 8.54793472 20.0 5 303.8 0.1811
6 F 47.3954616 8.54273968 20.0 5 491.0 0.1575
7 G 47.39516699 8.54700526 20.0 5 339.7 0.3603
8 H 47.40026677 8.54896326 20.0 5 535.1 0.1238
9 I 47.3948232 8.54206685 20.0 5 314.7 0.1781
10 J 47.39356459 8.54869404 20.0 5 374.5 0.1322