15 1.380 4 0.12 5350 15.2 5 1 1.0
1 A 47.39931332 8.54498389 20.0 5 651.7 0.2112
2 B 47.40156277 8.54556594 20.0 5 433.9 0.1945
3 C 47.39770382 8.54173689 20.0 5 522.1 0.139
4 D 47.39859545 8.54392461 20.0 5 656.9 0.2282
5 E 47.39532492 8.54303607 20.0 5 667.8 0.1662
6 F 47.39568738 8.5442268 20.0 5 612.1 0.3774
7 G 47.39509365 8.54481391 20.0 5 504.1 0.1806
8 H 47.39577984 8.54258924 20.0 5 779.1 0.292
9 I 47.39508494 8.54834627 20.0 5 649.3 0.263
10 J 47.39749482 8.54658353 20.0 5 539.5 0.2401
11 K 47.40085868 8.54717604 20.0 5 800.4 0.2507
12 L 47.39788872 8.54901278 20.0 5 408.5 0.2885
13 M 47.3999521 8.54980799 20.0 5 417.2 0.3823
14 N 47.3957284 8.54862536 20.0 5 464.0 0.2085
15 O 47.39713713 8.54647483 20.0 5 636.7 0.3628