15 1.380 4 0.12 5350 15.2 5 1 1.0
1 A 47.39396152 8.54256187 20.0 5 614.0 0.1298
2 B 47.39981367 8.54474006 20.0 5 766.4 0.3417
3 C 47.40117968 8.54567098 20.0 5 546.0 0.3518
4 D 47.3938034 8.54133847 20.0 5 430.4 0.2076
5 E 47.39908922 8.54919818 20.0 5 578.5 0.3103
6 F 47.39505132 8.5473655 20.0 5 478.1 0.1534
7 G 47.39979833 8.54897659 20.0 5 598.6 0.1253
8 H 47.39601587 8.5478263 20.0 5 531.8 0.1128
9 I 47.39641475 8.54650241 20.0 5 696.2 0.2022
10 J 47.40161292 8.54132424 20.0 5 577.6 0.1536
11 K 47.39907098 8.54648001 20.0 5 575.6 0.3918
12 L 47.39715974 8.54506433 20.0 5 650.1 0.1017
13 M 47.40046078 8.54153069 20.0 5 432.6 0.3653
14 N 47.39832849 8.54592907 20.0 5 535.0 0.2407
15 O 47.39387762 8.54329799 20.0 5 497.9 0.3126