20 1.380 4 0.12 5350 15.2 5 1 1.0
1 A 47.4001046 8.54318411 20.0 5 657.5 0.3205
2 B 47.39756382 8.54329891 20.0 5 628.6 0.2425
3 C 47.39583278 8.54875906 20.0 5 836.8 0.1355
4 D 47.40092478 8.54652176 20.0 5 894.4 0.2902
5 E 47.40040318 8.54906207 20.0 5 710.7 0.3721
6 F 47.39929576 8.54655557 20.0 5 1124.4 0.3897
7 G 47.39973133 8.54331973 20.0 5 1109.5 0.2368
8 H 47.40134758 8.54953222 20.0 5 832.3 0.1089
9 I 47.39776891 8.54583228 20.0 5 671.8 0.291
10 J 47.39737531 8.54577134 20.0 5 593.2 0.1487
11 K 47.39578047 8.54461713 20.0 5 728.7 0.3642
12 L 47.39770418 8.54171699 20.0 5 948.4 0.1397
13 M 47.39786458 8.54928368 20.0 5 894.3 0.3188
14 N 47.39863621 8.54803993 20.0 5 716.8 0.3021
15 O 47.39961201 8.54966388 20.0 5 995.6 0.3151
16 P 47.39862403 8.54844671 20.0 5 607.9 0.3689
17 Q 47.39440835 8.54237704 20.0 5 855.1 0.3573
18 R 47.39480833 8.54300493 20.0 5 802.4 0.202
19 S 47.39476594 8.54717021 20.0 5 773.1 0.2003
20 T 47.39369021 8.54240365 20.0 5 748.6 0.3656