20 1.380 4 0.12 5350 15.2 5 1 1.0
1 A 47.39677146 8.54176708 20.0 5 995.5 0.1277
2 B 47.40070591 8.54583701 20.0 5 754.9 0.2378
3 C 47.4007064 8.54421559 20.0 5 1083.3 0.352
4 D 47.39614043 8.5456258 20.0 5 764.5 0.3721
5 E 47.40048221 8.54813349 20.0 5 741.9 0.1324
6 F 47.39625728 8.5430457 20.0 5 1010.2 0.1649
7 G 47.40138962 8.5485474 20.0 5 1068.6 0.266
8 H 47.39511802 8.5426895 20.0 5 665.7 0.387
9 I 47.39786211 8.54803823 20.0 5 607.2 0.3925
10 J 47.39544402 8.54884189 20.0 5 1057.1 0.166
11 K 47.39823439 8.54684366 20.0 5 581.6 0.2896
12 L 47.39725124 8.54371246 20.0 5 1133.9 0.3453
13 M 47.39810797 8.54906348 20.0 5 1083.2 0.3998
14 N 47.39776171 8.54985407 20.0 5 1047.4 0.2861
15 O 47.39969675 8.54852416 20.0 5 633.2 0.2415
16 P 47.39877849 8.54161318 20.0 5 671.8 0.3316
17 Q 47.39982831 8.54447597 20.0 5 658.9 0.1992
18 R 47.39428132 8.54513255 20.0 5 597.1 0.3496
19 S 47.39597043 8.54164414 20.0 5 922.5 0.2359
20 T 47.39675177 8.54266281 20.0 5 575.3 0.1119