10 1.380 4 0.12 5350 15.2 5 1 1.0
1 A 47.39359338 8.54891272 20.0 5 297.3 0.1194
2 B 47.39375073 8.54871963 20.0 5 431.7 0.171
3 C 47.39353775 8.54918901 20.0 5 426.7 0.1928
4 D 47.39480005 8.54330047 20.0 5 567.5 0.1347
5 E 47.39935514 8.54772769 20.0 5 421.9 0.1088
6 F 47.39828654 8.54477336 20.0 5 552.6 0.1143
7 G 47.39860649 8.54485011 20.0 5 564.1 0.1667
8 H 47.40102322 8.54745321 20.0 5 334.0 0.137
9 I 47.39409626 8.54473709 20.0 5 520.0 0.1824
10 J 47.39647995 8.54529171 20.0 5 309.5 0.1182