15 1.380 4 0.12 5350 15.2 5 1 1.0
1 A 47.40104873 8.54319926 20.0 5 519.6 0.1573
2 B 47.40162845 8.54363155 20.0 5 783.6 0.1751
3 C 47.39416417 8.54246039 20.0 5 779.6 0.1692
4 D 47.39364311 8.54475308 20.0 5 798.9 0.1486
5 E 47.40087127 8.54984184 20.0 5 516.3 0.1813
6 F 47.39472329 8.5492695 20.0 5 703.5 0.1084
7 G 47.40118363 8.54593261 20.0 5 734.5 0.1965
8 H 47.39568651 8.54666024 20.0 5 445.8 0.1149
9 I 47.39821228 8.54902323 20.0 5 632.7 0.1836
10 J 47.39887574 8.54364103 20.0 5 790.1 0.1475
11 K 47.4008041 8.54260586 20.0 5 569.1 0.1234
12 L 47.39843211 8.54269147 20.0 5 616.6 0.1976
13 M 47.39429514 8.54712373 20.0 5 718.8 0.1046
14 N 47.39939546 8.54934892 20.0 5 449.1 0.1674
15 O 47.39668022 8.54645575 20.0 5 775.1 0.1415