20 1.380 4 0.12 5350 15.2 5 1 1.0
1 A 47.40153815 8.54321397 20.0 5 579.5 0.1779
2 B 47.39883113 8.54271241 20.0 5 721.5 0.1468
3 C 47.39671449 8.54307329 20.0 5 965.9 0.1109
4 D 47.39399203 8.54968988 20.0 5 599.3 0.1327
5 E 47.39411483 8.54277154 20.0 5 989.2 0.1405
6 F 47.39600841 8.54840531 20.0 5 1061.2 0.1376
7 G 47.39896756 8.54485821 20.0 5 642.2 0.1438
8 H 47.39691569 8.54762312 20.0 5 1063.1 0.1879
9 I 47.39410694 8.54937772 20.0 5 984.7 0.1422
10 J 47.39607685 8.54839709 20.0 5 807.7 0.1693
11 K 47.3992229 8.54269375 20.0 5 573.5 0.1297
12 L 47.40087798 8.54712168 20.0 5 965.0 0.1949
13 M 47.39348435 8.54417225 20.0 5 1143.5 0.1828
14 N 47.39583388 8.54854897 20.0 5 693.6 0.1674
15 O 47.39420471 8.54548611 20.0 5 715.8 0.1024
16 P 47.40171208 8.54317202 20.0 5 773.8 0.1268
17 Q 47.39673257 8.5476698 20.0 5 624.3 0.1234
18 R 47.40182908 8.54410547 20.0 5 845.3 0.1879
19 S 47.39528601 8.54632252 20.0 5 830.3 0.1446
20 T 47.39454008 8.54523124 20.0 5 652.1 0.1049