15 1.380 4 0.12 5350 15.2 5 1 1.0
1 A 47.39463171 8.54821341 20.0 5 742.4 0.1515
2 B 47.39667672 8.54886743 20.0 5 764.7 0.1781
3 C 47.40012418 8.54500551 20.0 5 610.1 0.1962
4 D 47.39773829 8.54481086 20.0 5 490.3 0.1784
5 E 47.40082509 8.54874238 20.0 5 474.5 0.1763
6 F 47.39682558 8.54534939 20.0 5 789.3 0.1063
7 G 47.39625256 8.54772443 20.0 5 440.2 0.1638
8 H 47.39529044 8.54849244 20.0 5 424.2 0.1701
9 I 47.39690615 8.5492443 20.0 5 770.9 0.1789
10 J 47.39805608 8.54809588 20.0 5 483.6 0.1811
11 K 47.40008853 8.54364423 20.0 5 743.9 0.1389
12 L 47.3950886 8.54742304 20.0 5 438.2 0.1505
13 M 47.39874595 8.54255651 20.0 5 632.7 0.132
14 N 47.39383839 8.54179483 20.0 5 745.7 0.1411
15 O 47.399739 8.54930723 20.0 5 529.8 0.1964