15 1.380 4 0.12 5350 15.2 5 1 1.0
1 A 47.40167108 8.54720284 20.0 5 452.3 0.1701
2 B 47.40033428 8.54520417 20.0 5 784.5 0.1824
3 C 47.398144 8.5497763 20.0 5 652.3 0.1146
4 D 47.39479804 8.54856018 20.0 5 581.5 0.1822
5 E 47.39774153 8.54635528 20.0 5 725.8 0.156
6 F 47.40139503 8.54236207 20.0 5 561.1 0.1406
7 G 47.39614984 8.54612786 20.0 5 486.2 0.1672
8 H 47.4013789 8.54266531 20.0 5 421.6 0.1377
9 I 47.39962529 8.54436337 20.0 5 753.6 0.1357
10 J 47.39367267 8.54356295 20.0 5 749.9 0.1272
11 K 47.39803545 8.54895856 20.0 5 504.9 0.1424
12 L 47.4012942 8.54770495 20.0 5 505.7 0.1356
13 M 47.39483198 8.54894683 20.0 5 761.5 0.1524
14 N 47.396549 8.54466141 20.0 5 498.7 0.1009
15 O 47.39458133 8.54870597 20.0 5 795.0 0.1567