20 1.380 4 0.12 5350 15.2 5 1 1.0
1 A 47.39726048 8.54773634 20.0 5 645.4 0.1089
2 B 47.3936463 8.5416445 20.0 5 711.9 0.1495
3 C 47.39726381 8.54471202 20.0 5 1052.2 0.1132
4 D 47.40191006 8.54833328 20.0 5 870.7 0.1393
5 E 47.40154302 8.54708347 20.0 5 1091.5 0.1049
6 F 47.39847195 8.54188162 20.0 5 731.0 0.1983
7 G 47.39435863 8.54652057 20.0 5 704.8 0.1545
8 H 47.39662082 8.54455198 20.0 5 1088.9 0.1683
9 I 47.40084656 8.54204595 20.0 5 677.5 0.1546
10 J 47.3992375 8.54128622 20.0 5 1056.3 0.1595
11 K 47.39708315 8.54299977 20.0 5 780.4 0.1034
12 L 47.39964915 8.54455195 20.0 5 1020.8 0.1132
13 M 47.40085522 8.54170806 20.0 5 938.8 0.1623
14 N 47.40077027 8.54229891 20.0 5 624.4 0.1539
15 O 47.39571952 8.54777722 20.0 5 1005.8 0.1276
16 P 47.39343392 8.54213446 20.0 5 583.1 0.1968
17 Q 47.39711317 8.54223324 20.0 5 808.8 0.1243
18 R 47.39456552 8.54629064 20.0 5 773.3 0.1462
19 S 47.39974435 8.54455597 20.0 5 693.7 0.1981
20 T 47.40098376 8.54450007 20.0 5 693.0 0.175