10 1.380 4 0.12 5350 15.2 5 1 1.0
1 A 47.39475578 8.54579703 20.0 5 409.4 0.1062
2 B 47.39594908 8.54295094 20.0 5 398.4 0.179
3 C 47.39727608 8.54828361 20.0 5 303.0 0.1959
4 D 47.39631613 8.54794762 20.0 5 382.1 0.117
5 E 47.40115087 8.5469074 20.0 5 291.2 0.1745
6 F 47.39606938 8.54931114 20.0 5 378.4 0.1983
7 G 47.40119676 8.54568662 20.0 5 402.4 0.1554
8 H 47.39498328 8.54835237 20.0 5 390.4 0.1845
9 I 47.40072561 8.54282023 20.0 5 422.6 0.1725
10 J 47.39582501 8.54436134 20.0 5 537.9 0.1669