20 1.380 4 0.12 5350 15.2 5 1 1.0
1 A 47.39899667 8.5419354 20.0 5 780.9 0.1983
2 B 47.40144556 8.54254998 20.0 5 1110.2 0.1021
3 C 47.40037037 8.54643122 20.0 5 904.1 0.155
4 D 47.39683287 8.54555201 20.0 5 1038.5 0.12
5 E 47.40171239 8.54888965 20.0 5 898.9 0.183
6 F 47.40008751 8.54179512 20.0 5 663.6 0.113
7 G 47.40200462 8.5459425 20.0 5 725.3 0.102
8 H 47.39774287 8.54963533 20.0 5 753.7 0.1721
9 I 47.39364897 8.54174561 20.0 5 1141.9 0.1324
10 J 47.39482497 8.54163722 20.0 5 653.6 0.1208
11 K 47.39923829 8.54876087 20.0 5 693.2 0.1237
12 L 47.40147518 8.54556491 20.0 5 1055.2 0.1485
13 M 47.40095868 8.54620689 20.0 5 579.9 0.1614
14 N 47.39715673 8.54610772 20.0 5 1056.7 0.1946
15 O 47.39947271 8.54193325 20.0 5 709.0 0.1878
16 P 47.40074105 8.54514856 20.0 5 808.7 0.1591
17 Q 47.40178682 8.54556632 20.0 5 1044.5 0.1223
18 R 47.39348903 8.54157509 20.0 5 588.7 0.1765
19 S 47.40130402 8.54561896 20.0 5 829.6 0.1468
20 T 47.40079087 8.54232209 20.0 5 983.7 0.1128