15 1.380 4 0.12 5350 15.2 5 1 1.0
1 A 47.39369254 8.54607044 20.0 5 519.5 0.2153
2 B 47.3953938 8.54649939 20.0 5 705.7 0.7922
3 C 47.39444388 8.54424386 20.0 5 601.4 0.781
4 D 47.40152253 8.54618472 20.0 5 615.1 0.1022
5 E 47.39661807 8.54965409 20.0 5 578.9 0.5769
6 F 47.3992776 8.54344972 20.0 5 605.2 0.2709
7 G 47.40019179 8.54129576 20.0 5 480.5 0.3243
8 H 47.39500915 8.54630477 20.0 5 512.6 0.1754
9 I 47.40123066 8.54831279 20.0 5 557.6 0.4277
10 J 47.39626845 8.54382294 20.0 5 484.1 0.6875
11 K 47.39832668 8.54549874 20.0 5 782.3 0.3116
12 L 47.39878621 8.54873671 20.0 5 481.8 0.3567
13 M 47.39986115 8.5425563 20.0 5 523.0 0.1498
14 N 47.40063245 8.54495185 20.0 5 797.7 0.4435
15 O 47.39926369 8.54563248 20.0 5 678.4 0.6602