10 1.380 4 0.12 5350 15.2 5 1 1.0
1 A 47.39763912 8.54226225 20.0 5 560.4 0.4725
2 B 47.40144252 8.54534037 20.0 5 490.2 0.1607
3 C 47.39501287 8.54826648 20.0 5 343.1 0.6876
4 D 47.40118618 8.54896635 20.0 5 518.8 0.323
5 E 47.39789945 8.54438325 20.0 5 546.2 0.1657
6 F 47.39450952 8.54356841 20.0 5 353.9 0.5304
7 G 47.39587372 8.54820052 20.0 5 402.1 0.6566
8 H 47.40137964 8.54493792 20.0 5 501.9 0.7753
9 I 47.39442562 8.54816914 20.0 5 290.7 0.2004
10 J 47.39625784 8.54285605 20.0 5 288.4 0.368