15 1.380 4 0.12 5350 15.2 5 1 1.0
1 A 47.39932748 8.54884893 20.0 5 770.4 0.5504
2 B 47.3952487 8.54363234 20.0 5 460.4 0.6671
3 C 47.39532418 8.54982967 20.0 5 658.1 0.2953
4 D 47.39486579 8.54849099 20.0 5 642.4 0.4621
5 E 47.40048125 8.54558893 20.0 5 444.1 0.2259
6 F 47.39648885 8.54926356 20.0 5 755.6 0.3212
7 G 47.39592581 8.54222662 20.0 5 716.8 0.4369
8 H 47.39520518 8.5486458 20.0 5 504.5 0.4178
9 I 47.39777428 8.5480329 20.0 5 744.1 0.4732
10 J 47.3992311 8.54718832 20.0 5 442.5 0.1244
11 K 47.39618123 8.54943713 20.0 5 562.4 0.407
12 L 47.39992708 8.54668479 20.0 5 428.1 0.1232
13 M 47.39680592 8.54320949 20.0 5 518.8 0.2334
14 N 47.39559616 8.54469396 20.0 5 478.5 0.1486
15 O 47.39379423 8.54306419 20.0 5 427.8 0.746