10 1.380 4 0.12 5350 15.2 5 1 1.0
1 A 47.39377245 8.54965485 20.0 5 551.1 0.2664
2 B 47.39459612 8.54840121 20.0 5 402.9 0.4891
3 C 47.39844166 8.54278211 20.0 5 392.5 0.6792
4 D 47.39600774 8.54672025 20.0 5 348.6 0.3703
5 E 47.39551557 8.54166445 20.0 5 565.9 0.6548
6 F 47.39774361 8.54950593 20.0 5 563.9 0.3893
7 G 47.40019119 8.54417545 20.0 5 403.6 0.7931
8 H 47.39601138 8.54480629 20.0 5 490.8 0.3351
9 I 47.39774434 8.54473521 20.0 5 372.1 0.4605
10 J 47.39802203 8.54280421 20.0 5 451.3 0.6491