10 1.380 4 0.12 5350 15.2 5 1 1.0
1 A 47.40129914 8.54579587 20.0 5 557.9 0.4903
2 B 47.39675658 8.54940156 20.0 5 543.3 0.6442
3 C 47.39600432 8.54891892 20.0 5 402.6 0.3487
4 D 47.39633554 8.54429947 20.0 5 468.0 0.7792
5 E 47.39425676 8.54968585 20.0 5 360.0 0.7676
6 F 47.39766292 8.54934945 20.0 5 346.1 0.4233
7 G 47.40093767 8.54147913 20.0 5 446.5 0.2875
8 H 47.3975078 8.54241151 20.0 5 509.2 0.2577
9 I 47.39934384 8.54939214 20.0 5 419.7 0.577
10 J 47.39509055 8.54715827 20.0 5 294.5 0.6331