20 1.380 4 0.12 5350 15.2 5 1 1.0
1 A 47.39639025 8.54765733 20.0 5 1091.3 0.5984
2 B 47.39887861 8.54948968 20.0 5 837.9 0.7252
3 C 47.39976963 8.54882366 20.0 5 997.9 0.3472
4 D 47.39526471 8.54424324 20.0 5 608.0 0.6662
5 E 47.39510017 8.54211484 20.0 5 813.4 0.399
6 F 47.40076665 8.54655046 20.0 5 1008.2 0.6106
7 G 47.3995106 8.54293551 20.0 5 896.8 0.7075
8 H 47.39903567 8.54657682 20.0 5 949.9 0.5873
9 I 47.39499484 8.54829921 20.0 5 1015.8 0.5461
10 J 47.39444219 8.54274352 20.0 5 947.4 0.2255
11 K 47.40007659 8.54312712 20.0 5 759.9 0.1132
12 L 47.3958534 8.54288888 20.0 5 788.7 0.5057
13 M 47.39607281 8.54979792 20.0 5 778.0 0.1406
14 N 47.39844364 8.5459086 20.0 5 856.2 0.7353
15 O 47.39880177 8.5431931 20.0 5 594.7 0.1977
16 P 47.39810322 8.54455141 20.0 5 747.6 0.6217
17 Q 47.39541621 8.5415393 20.0 5 1116.1 0.4527
18 R 47.39508497 8.54496423 20.0 5 844.9 0.5605
19 S 47.39508422 8.54829669 20.0 5 925.2 0.7857
20 T 47.40161091 8.54499059 20.0 5 665.0 0.5885