20 1.380 4 0.12 5350 15.2 5 1 1.0
1 A 47.4013833 8.54773554 20.0 5 678.2 0.1702
2 B 47.40109792 8.54895532 20.0 5 977.0 0.1512
3 C 47.39690797 8.54977634 20.0 5 756.3 0.1643
4 D 47.39790485 8.54964935 20.0 5 1135.9 0.4942
5 E 47.40017703 8.54189545 20.0 5 847.6 0.5908
6 F 47.39682416 8.54255314 20.0 5 743.8 0.4431
7 G 47.39887523 8.54155392 20.0 5 915.4 0.5871
8 H 47.39498107 8.54200145 20.0 5 930.3 0.6701
9 I 47.39685566 8.54328155 20.0 5 703.2 0.6006
10 J 47.40144206 8.54673931 20.0 5 977.4 0.1654
11 K 47.39914969 8.54906573 20.0 5 1104.3 0.2804
12 L 47.40191072 8.54293275 20.0 5 661.2 0.2476
13 M 47.39872299 8.54795632 20.0 5 608.5 0.4785
14 N 47.39967027 8.54758373 20.0 5 674.4 0.4617
15 O 47.39649541 8.54758852 20.0 5 1002.4 0.6942
16 P 47.39758704 8.54946488 20.0 5 1091.1 0.6436
17 Q 47.40167278 8.54728013 20.0 5 932.8 0.4364
18 R 47.39652804 8.54858189 20.0 5 888.3 0.4342
19 S 47.39585893 8.54841042 20.0 5 978.4 0.5574
20 T 47.39947355 8.54929279 20.0 5 695.5 0.7205