15 1.380 4 0.12 5350 15.2 5 1 1.0
1 A 47.39890653 8.5492624 20.0 5 429.9 0.7909
2 B 47.39945494 8.54780591 20.0 5 690.9 0.568
3 C 47.39942159 8.54650857 20.0 5 804.2 0.7953
4 D 47.39463473 8.54797002 20.0 5 548.7 0.4643
5 E 47.39706338 8.54447815 20.0 5 570.4 0.1589
6 F 47.39793367 8.54925546 20.0 5 620.4 0.1713
7 G 47.39962592 8.54902573 20.0 5 531.5 0.491
8 H 47.40128857 8.54524555 20.0 5 732.8 0.3232
9 I 47.39806181 8.54160948 20.0 5 440.9 0.7259
10 J 47.39808151 8.54590253 20.0 5 528.5 0.418
11 K 47.39527705 8.54351155 20.0 5 737.0 0.4534
12 L 47.39661326 8.54195309 20.0 5 552.4 0.6856
13 M 47.40160827 8.54184833 20.0 5 521.7 0.6592
14 N 47.39374796 8.54662224 20.0 5 494.1 0.2306
15 O 47.39412687 8.54758751 20.0 5 560.6 0.6807