20 1.380 4 0.12 5350 15.2 5 1 1.0
1 A 47.39810779 8.54216067 20.0 5 1012.6 0.5583
2 B 47.39892736 8.54743704 20.0 5 799.2 0.3709
3 C 47.40012856 8.54788871 20.0 5 978.5 0.2814
4 D 47.39398762 8.54934507 20.0 5 1025.9 0.6986
5 E 47.39649397 8.54570294 20.0 5 978.7 0.2445
6 F 47.39465028 8.54416257 20.0 5 610.4 0.2312
7 G 47.4007145 8.54733444 20.0 5 757.1 0.1298
8 H 47.39736152 8.5457 20.0 5 794.8 0.1931
9 I 47.39682997 8.54148079 20.0 5 925.5 0.4409
10 J 47.39812622 8.54525453 20.0 5 1107.4 0.4797
11 K 47.396048 8.54463884 20.0 5 698.0 0.2142
12 L 47.40067115 8.54603749 20.0 5 789.4 0.3689
13 M 47.39859961 8.54586595 20.0 5 1079.8 0.2454
14 N 47.39432793 8.54152187 20.0 5 896.6 0.5636
15 O 47.39417027 8.54981854 20.0 5 796.4 0.4164
16 P 47.39832931 8.54713831 20.0 5 797.9 0.4895
17 Q 47.4011135 8.5473311 20.0 5 691.4 0.6266
18 R 47.39836675 8.54143943 20.0 5 859.1 0.6849
19 S 47.39572664 8.54427925 20.0 5 668.2 0.6097
20 T 47.3940746 8.54176654 20.0 5 1071.1 0.7998